34.607020 98.991399 91.359166
57.097484 -75.177478 230.474715
410.144370 -240.984917 162.004613
257.800467 187.236759 240.059471
262.830091 -505.846588 253.424121
399.347418 523.930121 10160.429772
198.721373 199.389136 189.405254
124.220764 165.326942 93.562596
803.776839 0.000000 3862.995405
622.025745 -2511.824293 543.764391
18.332109 15.583283 7.532858
244.022681 0.000000 222.367797
10.825001 26.025158 29.015059
575.981705 0.000000 371.339941
552.580707 0.000000 10909.101005
1298.565236 440.488670 3167.174888
11.592943 39.209496 37.563017
9.345831 28.096766 23.191959
57.133216 30.814677 71.507423
83.368983 193.163630 59.556625
153.638333 211.132712 179.491873
190.248609 -2471.703212 1101.427008
399.898512 -2996.928752 534.018916
252.494289 338.015732 285.646356
89.258940 31.885736 89.598985
324.628432 2723.786580 185.759041
35.078944 29.525144 11.384911
109.995275 126.191222 79.823510
120.260396 126.307883 208.349556
989.433926 292.484062 949.654998
298.610270 -1102.955021 589.517036
245.871733 -16031.433695 2671.967899
101.178957 92.000518 37.512448
90.091454 -119.203872 626.582225
63.780388 19.437164 63.886595
29130.288891 0.000000 287.289531
6.125466 0.000000 2.307717
72.137950 26.392346 80.920227
25.746574 63.819327 65.397468
214.185804 187.515702 237.169403
293.989290 7151.990875 168.850442
63.609172 115.329826 144.771084
199.419360 149.089863 166.900166
276.073376 -850.932645 410.456727
190.686733 122.697770 121.658333
436.186420 -2829.429895 717.228443
77.862769 -84.848876 88.097874
108.575227 136.152742 67.588548
464.147724 0.000000 7151.282464
351.834294 495.135629 571.247374
2499.676371 937.502755 391.895181
173.171887 -149.143728 132.680297
176.684053 -278.134662 219.535382
152.309263 161.272246 115.817048
41.473386 -53.980678 149.177246
73.570557 38.352958 95.664397
173.881724 182.262686 167.701572
530.136369 590.304075 229.710114
24.552366 75.301853 76.034839
56.715984 -79.798474 137.078209
110.158944 55.907339 69.164625
625.562671 131.857853 2770.176087
191.848920 235.310694 296.110859
35.596073 13.400074 41.235430
74.770319 124.267486 54.912627
15.260139 21.319637 35.091892
24.852076 57.354316 18.929408
601.215223 333.652436 588.399774
132.235060 86.315918 256.798637
435.857827 -605.180352 328.468848
19.974931 11.675588 22.089330
478.871723 464.450326 339.719177
3762.152992 0.000000 402.329617
280.013904 245.638448 346.559486
132.340741 194.464716 99.257178
6.706706 22.726305 21.115469
16.656815 -21.512023 57.931761
239.163414 222.026583 331.788608
11.790271 -14.510106 79.152782
714.190755 0.000000 941.336557
105.372413 103.542737 42.557479
5261.710062 424.894064 732.801772
34.487707 34.760642 50.949126
106.205738 152.797265 187.613538
191.317661 178.863362 100.397956
439.575253 310.694238 1135.128092
193.523495 189.916911 251.162336
163.337122 157.467921 99.768104
83.310604 36.368640 55.409421
215.347107 40.885727 56.825974
20.945361 135.456430 17.127557
100.269415 177.041847 108.944244
881.527170 342.519855 6268.735924
1563.372662 0.000000 578.878219
27.804300 63.592174 43.969324
55.438264 94.071216 101.735039
75.072413 69.393217 95.109837
114.262829 111.466626 111.711639
67.153331 -107.665074 717.755425
105.305240 -180.133443 422.730886
144.414512 -198.399630 295.630108
84.380321 31.293026 72.950037
174.818920 129.286114 209.319283
274.146165 -1992.984371 1593.786668
615.381292 0.000000 1572.364065
36.960733 20.877992 45.031616
256.625620 156.898202 1308.171864
443.833515 -403.162329 98.552577
62.886242 226.030674 48.990992
23.743154 66.788535 64.375451
59.844528 -77.955649 162.166842
1655.554704 -2253.118837 146.024052
825.604714 0.000000 2613.025675
197.639470 91.746217 177.723337
14.104747 40.248898 31.716332
175.072872 -650.004699 467.660490
134.484473 75.355360 111.937614
241.366137 789.291128 158.383527
70.799704 0.000000 19.318191
81.883276 29.009756 85.999893
540.312121 -1763.471534 563.043972
138.815709 84.899002 92.056899
67.437377 128.828336 117.735050
4.337469 -6.119204 8.328691
26.950478 27.183860 8.275284
137.305163 139.534403 177.593980
149.160711 114.046709 61.454934
57.611714 14.093545 15.940382
176.104527 214.625184 181.715840
139.547422 335.410877 188.443544
71.160203 25.874325 66.584262
791.824305 0.000000 585.396782
34.974332 58.454977 39.822871
13.643383 -6.896893 6.369546
1132.399498 0.000000 3605.802931
11.883629 -15.926856 30.539284
40.026298 -53.611947 103.079087
282.247572 -650.007363 716.709531
34.687288 11.941072 29.171550
1064.850961 0.000000 2533.807667
319.778814 273.121855 363.293247
1761.675377 0.000000 4001.658423
38.538839 268.185108 31.385856
344.248817 878.519881 1383.952128
7781.411252 171.892269 398.787090
109.090654 512.545629 151.111415
10.120784 -13.860559 22.697621
29.597191 38.500014 18.182463
99.163523 130.058637 166.622928
33.840677 72.798385 86.737908
41.984740 -114.991134 36.371922
150.325172 -251.339776 1684.642312
363.273231 0.000000 74.804050
189.309349 129.111226 118.945205
32.231560 85.747291 87.156497
123.506282 106.642285 179.911121
164.871747 -252.693788 345.284870
97.457967 59.212221 133.408635
63.388025 47.902255 121.272077
55.718585 332.815899 43.295762
421.745120 -963.570785 811.952191
223.055044 0.000000 108.385852
187.873299 116.914463 163.545769
336.725631 351.084378 452.652117
1122.159540 1375.665072 354.250006
67.187299 103.682220 129.848105
124.774525 -62.291599 57.424004
1445.726995 0.000000 440.237110
3.581663 8.651780 10.995289
159.497993 735.567907 302.825228
58.047561 50.041159 19.597334
224.714873 -338.324914 467.242211
259.491804 1613.470583 905.241413
126.434815 169.382154 117.872236
4.391718 -4.803814 10.342178
1790.518666 1070.000043 301.704216
39.213134 56.939901 81.328835
45.129555 62.474485 32.002904
74.881103 61.985805 51.151255
367.153470 664.173056 181.043994
261.749285 257.842247 227.563761
42.097404 112.653873 106.300543
224.360569 208.589844 153.552016
66.788295 -85.297432 2846.035349
107.805593 272.711128 126.280903
168.123394 159.808349 101.760903
124.626838 96.195699 182.001180
68.648610 -89.666968 408.357144
59.990322 17.164005 34.293739
279.672937 -38632.257359 576.033587
206.171724 0.000000 184.451039
181.968241 -246.000222 298.336151
130.599790 230.115568 189.467682
662.565724 370.248439 394.478677
79.211992 0.000000 26.387150
166.543630 259.079104 187.688435
84.347221 139.495963 62.417141
44.799960 82.378827 107.167532
414.349998 706.142454 207.040916
1974.535966 685.529027 600.011388
187.339986 154.164260 170.409721
171.475252 239.322070 140.479166
152.084136 227.537273 153.165220
2649.974933 0.000000 285.421701
80.963410 90.284560 66.411005
80.174702 1616.204350 62.742916
848.806545 0.000000 1711.468623
225.729177 0.000000 205.512527
20.495546 49.583382 59.389477
342.504400 272.945196 966.722004
3483.196126 867.924252 527.090004
797.475432 0.000000 2074.544539
1342.805848 0.000000 450.295132
84.971511 674.997801 66.760529
1580.503916 546.417283 457.692537
123.035372 -113.653299 105.363394
529.072133 480.003107 3067.398134
23.928057 63.038903 46.933863
3.311936 -9.104803 2.991169
1249.987303 976.202434 395.267482
341.089069 -636.965016 468.549797
163.748458 -373.492870 1451.571776
163.912756 86.181745 186.055790
139.254373 86.528343 74.333108
508.367323 219.120630 791.783860
155.098896 131.561821 178.233249
1118.481257 -434.669424 164.440421
0.416516 24.887507 31.529332
10.172374 12.868002 7.131374
223.786224 191.479727 120.598167
97.283783 41.662862 95.174819
20.261258 6.507509 15.135359
121.221350 -429.607752 88.590834
3671.940223 0.000000 1273.782575
134.312439 317.858273 488.144533
274.764039 241.576835 231.021782
429.052585 344.717005 394.689917
661.286366 0.000000 516.701015
345.685043 266.535596 344.978190
28.112554 11.073882 34.372063
72.833624 0.000000 34.776028
141.463868 196.998451 197.755752
116.420720 170.518467 138.060805
23.684964 79.977777 18.677621
71.963524 92.958063 53.707895
99.580030 111.834063 39.432704
207.792860 165.234924 159.540406
85.388553 -114.405062 254.745576
39.622379 -53.005507 123.183219
106.564388 163.050565 148.757296
312.829761 -752.995099 1332.910447
83.267798 35.832058 71.842442
57.157523 20.336170 48.467327
1412.684615 0.000000 374.994787
5.121189 12.101141 15.309653
10.621987 20.662251 28.824426
5151.186651 0.000000 649.992043
32.753662 85.484977 87.886665
209.850089 356.581384 278.644948
67.551104 24.852585 72.497062
1279.562778 0.000000 289.010502
43.982683 0.000000 24.080197
299.421937 -1095.145842 487.547424
3870.959142 158.924683 1019.317706
17.771703 22.812375 29.909456
555.074040 0.000000 1220.767229
66.058150 46.003316 80.550102
89.879341 -76.658147 68.034154
590.036984 0.000000 665.257431
795.968340 0.000000 1277.595819
1952.900374 0.000000 1281.512961
190.114836 0.000000 92.269757
29.970616 28.448427 8.859937
42.837689 -54.408803 201.076589
6.827375 4.086908 5.136594
170.985828 124.548500 177.927548
229.305935 196.709151 237.080524
801.649640 0.000000 434.840294
38.311541 48.257211 74.097898
695.550080 -1751.300972 630.542513
168.222891 144.624342 110.426048
149.664255 86.882861 128.234778
1473.794363 0.000000 2963.448769
102.134223 160.683660 83.535004
242.463663 170.180855 180.497565
197.785910 0.000000 180.710155
24.696018 58.660405 38.766910
250.922732 -1387.519107 349.145926
214.489262 287.764324 293.517466
211.043525 97.345900 190.417722
58.186371 145.947142 133.756719
99.347308 92.441869 56.430867
153.367815 127.136310 108.020512
1066.568709 168.242563 297.109022
33.130145 -39.027775 159.830317
160.066418 115.831775 149.327395
930.068544 -2067.984981 454.277640
215.790646 107.781640 180.663846
31.740671 18.568095 24.629577
8.917523 26.259886 29.284981
175.136181 0.000000 110.452547
32.490500 98.416697 98.254993
160.291428 109.195209 126.731599
124.235990 118.625212 163.683998
173.463825 69.572172 161.364774
1.452556 3.054705 1.567130
2042.382945 0.000000 487.426886
56.189092 783.842959 42.025118
108.721182 42.196534 106.151538
641.108674 0.000000 4139.760245
11.507653 14.597716 6.970555
42.077439 137.579394 32.970679
2.233820 4.464505 6.253475
189.420111 -528.484857 854.159540
251.089051 231.139272 257.759273
64.324571 95.263422 133.148490
167.187471 134.380531 88.777677
9.440243 21.857783 17.175534
2399.618653 0.000000 733.302627
589.838611 0.000000 2174.307777
104.516808 -141.230734 219.494415
183.982476 94.752603 174.329031
47.303927 26.982893 66.799980
166.278576 157.067145 125.945529
64.820466 63.955515 21.183116
103.268867 75.918692 51.544319
830.077314 -13160.292518 162.524972
190.487914 191.612514 77.621396
7.039337 22.925147 19.945729
23.604976 -30.460497 86.561808
111.462219 49.873243 116.328851
19.653272 40.712762 18.637239
293.570262 225.426224 238.835080
16.194748 0.000000 16.221680
165.873728 83.022963 162.553151
18.640265 60.311658 58.589665
161.637599 158.693020 171.386785
176.375250 190.009624 200.030794
44.670001 20.763469 31.711408
110.290839 70.835928 83.444286
103.845602 71.925486 122.167472
4.446671 3.430256 2.610080
238.475471 213.658368 264.092412
99.730940 310.006354 125.515442
3135.391324 0.000000 371.779761
129.571390 114.765009 181.125595
155.196316 139.226090 69.640999
2469.868231 700.086899 611.109902
44.542463 0.000000 43.303264
263.869869 229.152266 163.766969
46.160671 14.554066 46.799070
101.204833 187.485032 130.890505
201.341622 216.535362 148.020209
20.263808 40.078440 52.548936
136.938101 128.500445 194.029600
63.906580 92.582060 47.603545
235.575592 239.028086 195.838880
179.767570 275.263098 243.093288
590.250961 225.731542 490.043143
42.598904 12.894974 42.569133
165.847874 217.315548 226.140431
170.128063 71.734562 148.997565
464.638549 1118.805981 28765.370164
192.238762 125.116368 206.855309
124.009285 86.519138 156.539726
602.436236 709.370497 325.717111
40.675861 12.134890 40.580407
64.578482 116.149155 139.823807
85.990634 70.657705 128.556230
123.472090 64.490221 73.753408
56.797338 -76.027252 134.568175
237.616039 171.410733 140.576699
19.554141 5.783721 17.090524
1856.972829 274.126591 797.226853
382.384387 228.132013 883.135278
79.518662 33.232522 91.815818
108.668653 85.940454 41.269226
81.792471 91.482076 86.023707
137.519941 197.235708 209.116294
21.404750 61.301995 63.178492
38.245260 0.000000 18.642968
357.358601 -2932.751717 3425.961084
68.779390 104.519871 57.759564
63.571780 143.678350 116.952984
257.240179 262.651027 277.934457
944.881623 0.000000 2757.102364
515.206576 135.920116 942.275592
67.343714 115.176263 67.290812
224.086747 258.738634 221.291981
198.979680 204.764094 242.795128
80.526951 58.543337 118.392089
107.210588 153.150032 104.860880
78.320525 149.619675 165.912223
60.180890 101.177542 137.603859
119.075717 0.000000 91.144331
877.387003 525.607968 1482.054175
662.963385 532.845130 3085.211866
80.310585 174.652483 139.805186
326.593657 4681.608921 104.675678
582.301816 374.004252 532.267900
46.549292 -62.977966 123.827457
21.147835 63.676211 65.810144
179.003040 797.996416 1096.651872
101.374935 72.823948 97.885537
63.183856 73.878660 31.955370
230.644419 301.664102 259.878160
1279.616114 0.000000 7575.543228
450.179707 0.000000 193.954660
157.861767 219.191904 194.162959
14.321973 45.545873 44.919856
43.083346 95.010159 99.902018
37.607582 50.144580 29.216657
51.298750 82.486601 60.479621
218.123357 -525.745553 3352.394230
2319.741408 2452.739927 352.220537
169.601648 119.262824 213.460272
207.513370 142.763287 233.239110
190.473223 218.861923 178.614865
106.864972 85.801613 139.270052
158.387704 252.220143 199.010715
247.643431 220.388443 401.402482
130.533255 59.720635 152.340553
113.104832 166.008073 90.825675
183.703387 165.302816 121.762587
28.735060 10.813398 50.725505
70.510422 52.479321 29.921333
200.316252 128.611252 135.275839
304.107901 285.416273 342.820117
458.352324 0.000000 3823.711426
105.404058 0.000000 85.815428
62.836385 90.700356 110.465065
151.327598 207.155584 172.293185
285.862864 218.163535 233.472804
661.143977 0.000000 2510.680689
657.027249 0.000000 700.190216
146.214251 7.475266 8.669813
360.655614 806.605294 1506.949158
272.467883 215.629668 323.574360
75.972080 145.278747 93.869498
108.206870 110.814960 44.592687
8.702819 2.846965 9.820970
865.525526 0.000000 2833.733674
548.009987 0.000000 770.289800
50.209861 52.764130 16.931551
154.836131 179.642281 201.739863
218.399034 205.808760 183.159319
426.436794 -638.327246 201.720649
178.952216 232.158734 136.096260
136.845961 89.684564 170.715703
162.631934 188.968330 83.303549
191.642505 281.471683 229.072974
393.685875 -1489.513471 761.554712
5830.308038 499.444487 630.044809
264.192009 416.696693 164.854124
142.899464 111.821023 77.963467
